315 165 
272 11 
176 25 
238 148 
39 195 
279 331 
266 244 
297 184 
337 287 
171 248 
217 333 
225 62 
314 3 
256 232 
22 135 
243 64 
177 161 
203 57 
123 95 
288 36 
118 166 
68 31 
30 46 
16 308 
301 280 
224 91 
166 198 
12 49 
109 71 
163 164 
313 13 
96 177 
296 336 
46 101 
93 267 
331 157 
85 35 
226 136 
219 237 
292 296 
233 27 
244 276 
263 1 
299 56 
18 304 
43 286 
186 324 
139 142 
198 78 
178 233 
11 250 
122 182 
87 337 
250 107 
201 341 
28 206 
62 319 
21 70 
197 115 
164 130 
211 67 
114 155 
151 299 
88 140 
141 285 
26 231 
274 80 
216 144 
302 204 
214 302 
241 169 
146 55 
160 294 
95 6 
135 265 
182 100 
223 318 
48 54 
329 8 
249 300 
188 257 
70 252 
300 189 
154 123 
134 72 
105 246 
27 143 
206 119 
107 116 
242 228 
58 86 
228 218 
325 92 
293 213 
261 79 
305 207 
324 160 
306 12 
333 68 
298 190 
273 29 
127 216 
94 127 
189 16 
321 21 
132 283 
231 173 
36 43 
117 17 
17 288 
6 224 
52 255 
128 61 
319 269 
181 222 
245 175 
159 109 
53 179 
99 121 
137 241 
15 174 
41 163 
196 10 
9 139 
330 202 
92 243 
281 203 
253 66 
31 32 
130 59 
290 326 
108 268 
183 194 
97 85 
77 37 
142 301 
90 271 
75 264 
308 211 
257 151 
125 209 
232 51 
230 314 
276 289 
304 221 
212 40 
268 114 
148 106 
271 50 
136 24 
155 9 
34 239 
49 199 
246 235 
10 167 
35 254 
205 238 
287 277 
170 172 
158 197 
111 278 
259 113 
55 219 
269 124 
80 226 
264 110 
47 65 
236 200 
334 196 
207 128 
311 112 
76 99 
5 18 
179 273 
156 158 
227 279 
320 292 
67 105 
162 129 
202 87 
280 328 
285 4 
25 53 
265 309 
341 185 
57 220 
327 193 
116 156 
174 311 
283 247 
323 180 
20 89 
13 270 
19 281 
84 118 
247 201 
74 274 
322 329 
172 117 
102 176 
38 253 
54 122 
339 126 
153 178 
309 15 
270 249 
79 96 
124 168 
1 312 
24 38 
240 134 
169 104 
173 332 
73 30 
91 90 
332 306 
220 152 
336 316 
248 45 
98 7 
307 14 
152 186 
180 132 
42 159 
184 261 
165 242 
104 181 
157 154 
8 52 
59 44 
262 33 
86 315 
316 162 
234 76 
56 335 
32 19 
213 330 
328 217 
23 93 
69 60 
278 28 
82 120 
71 69 
255 325 
193 183 
103 188 
190 303 
222 263 
110 82 
7 141 
2 88 
72 297 
185 20 
175 208 
144 23 
106 313 
64 320 
101 149 
113 327 
126 251 
60 146 
277 212 
167 97 
258 63 
66 210 
295 229 
44 223 
195 153 
129 293 
204 258 
209 340 
317 5 
291 191 
340 236 
121 322 
229 305 
210 321 
191 227 
326 73 
150 192 
133 291 
147 39 
131 42 
45 133 
112 81 
289 240 
63 83 
294 47 
310 284 
40 307 
138 102 
14 74 
312 150 
81 334 
338 22 
4 323 
51 2 
192 77 
239 171 
318 245 
237 170 
145 230 
194 138 
251 58 
215 26 
29 214 
37 234 
143 262 
235 215 
149 260 
3 125 
208 84 
200 147 
33 34 
83 131 
140 310 
65 205 
303 266 
282 275 
100 256 
267 108 
119 290 
199 259 
252 187 
286 339 
284 41 
168 272 
120 98 
161 225 
254 338 
78 317 
115 94 
221 111 
89 48 
50 295 
260 103 
61 75 
335 282 
275 145 
218 298 
187 137 
