3.726534341962017e-03 -3.380736626472776e-03 
5.239447703606049e-01 5.003412218165415e-03 
6.220338189380028e-01 -7.479145950684656e-02 
5.069284617481585e-01 1.099897963871724e-02 
5.605654469452671e-01 -1.642787732590346e-02 
4.912149866562441e-01 1.064810880847320e-02 
5.044459329958151e-01 1.151972760295169e-02 
-2.326221540583354e-02 -4.228300061100913e-02 
4.357383766145839e-02 1.253898597353909e-02 
-4.194896266110000e+01 -3.196171682220000e+01 
2.452127287528316e-02 -7.610722602728822e-03 
4.876996752880011e-01 1.715514107541548e-02 
2.595568236249491e-01 3.457928340948685e-02 
-4.747175380298227e-02 -5.373647188395929e-02 
4.986211089610000e+00 5.588000100000000e+01 
3.846265950934811e-01 2.977492755534236e-02 
2.234294124101771e-01 -3.015576275018342e-02 
5.625307617515327e-01 -1.784151864712877e-02 
8.172828231068910e-02 2.572596259011437e-02 
5.150693781750310e-01 8.562310719060691e-03 
-2.151101423866012e-03 -6.444062809201249e-03 
1.117600021000000e+02 -1.350242999240000e+00 
3.177983102664101e-02 4.450650175627600e-03 
-3.640984134414393e-02 -3.636341302887643e-02 
4.507303506380000e-01 1.793578619717500e-02 
4.836610475569158e-01 1.815622796872182e-02 
5.038927645811420e-01 -1.309669804768756e-02 
5.720603413607077e-01 -2.503829069365414e-02 
4.133778778780000e-01 1.793578619999950e-02 
5.858266547649154e-01 -3.602287905404353e-02 
7.366053281973431e-02 2.376610544537462e-02 
7.782409935551657e-02 2.483778628353210e-02 
4.897577245155108e-01 -4.020081707383295e-03 
4.884529479046740e-01 -2.055044911580627e-03 
2.956668083650000e+01 -5.588000101630000e+01 
2.065774908744746e-01 -3.044988341097671e-02 
-5.849101566290337e-03 -1.299713089361142e-02 
-3.197325838761162e-02 -3.182511782984904e-02 
5.670167268906818e-01 -3.967998353629550e-02 
-4.762444599957015e-02 -5.694069050261499e-02 
5.287039373544198e-01 2.780510737896105e-03 
3.478017924638033e-01 -1.751684384995587e-02 
1.972621455129198e-01 -3.046739875044351e-02 
5.343288648445513e-01 -1.002075008237629e-04 
4.868501260745358e-01 3.627419921432713e-03 
5.887327500184841e-01 -3.842048790120828e-02 
1.398808682072497e-01 3.117895955745576e-02 
5.170086001834560e-01 7.858463086126045e-03 
4.867626088739890e-01 1.721566043342405e-02 
4.940907790854333e-01 1.174068729425690e-02 
5.230264555888904e-01 5.406514276566490e-03 
-2.429392399390000e-02 -4.828655602970000e-02 
4.423101064849999e-01 1.793578619999016e-02 
5.179101859817359e-01 7.511556180074765e-03 
2.745703830761457e-01 -2.729000086615837e-02 
6.199902339329953e-01 -6.689562792842567e-02 
9.120800399609331e-02 2.721636179102632e-02 
1.529926730908782e-01 -2.957823984349865e-02 
5.329916006893762e-01 6.049108339053511e-04 
2.937226099177586e-01 -2.542248687335968e-02 
4.980025529123842e-01 1.216791326071350e-02 
2.506116996061452e-02 -1.196512098476980e-02 
3.798909439674008e-01 -1.171046863997920e-02 
-1.647853071200000e-02 -6.032055152210000e-02 
1.529412524700121e-01 3.195309871310226e-02 
-2.107214886900066e-02 -2.187379857243776e-02 
4.485783870363287e-01 2.334482794301462e-02 
6.929594387236278e-02 2.260196632498888e-02 
3.045202580172758e-01 -2.410044601474151e-02 
1.639830874656305e-03 -3.518951871901547e-03 
3.149940142716858e-01 -2.268979803003636e-02 
3.155843399839146e-02 -1.728156128783599e-02 
5.831175215335107e-01 -3.381776184381215e-02 
-4.702131558888591e-02 -5.196999897751221e-02 
4.987580330296689e-01 1.215963617571765e-02 
-1.135392205228612e-02 -1.970959646308337e-02 
-3.323756667940107e-03 -1.024717272397613e-02 
5.564955743073058e-01 -1.359092490432229e-02 
2.792783160297931e-02 -1.577257128202742e-02 
-4.483197845772347e-02 -4.719109279681483e-02 
-5.271716081160000e+01 1.833048336610000e+01 
5.015563274352639e-01 1.195652173500729e-02 
3.691817908512757e-01 -1.369491747058165e-02 
5.474003905406627e-01 -7.692643003916215e-03 
4.548782201280000e+00 -5.588000100000000e+01 
1.422998335965160e-01 -2.910281752372666e-02 
-4.370584049369880e-02 -6.278212906299788e-02 
5.248603719430361e-01 4.594121984907326e-03 
5.160619232768846e-01 8.208681867388263e-03 
4.929575202147364e-01 1.142203410817175e-02 
4.923925090767646e-01 1.121367800307988e-02 
-2.042955496000000e-02 -5.899699080000000e-02 
3.319130969886560e-02 5.685236740510247e-03 
2.753784301699557e-02 -3.055842229893561e-04 
4.906525479145926e-01 1.030185311509220e-02 
2.712965828686606e-02 -1.507750424609994e-02 
-1.301196262070000e+01 -5.123653053680000e+01 
5.035236526159206e-01 1.168018469383868e-02 
-1.424713212753558e-02 -2.376242043112136e-02 
5.204157148643671e-01 6.512843049168038e-03 
5.918838454889713e-01 -4.103775899367437e-02 
4.634661769164441e-01 1.793577826435599e-02 
6.028678610615209e-01 -5.057132581287743e-02 
9.557616444618052e-03 1.983360410759541e-03 
4.595751385681199e-01 2.188302575776227e-02 
2.192456321786492e-01 3.430792405631142e-02 
2.474788472777988e-02 -6.295133132537036e-03 
3.608503021196349e-02 7.922365107049875e-03 
3.253326808699190e-01 -2.118677522872752e-02 
5.004835835490706e-01 1.206429932778654e-02 
5.682825273595311e-01 -2.212062482157137e-02 
-4.151656608690000e+01 3.260774661220000e+01 
4.821506827273894e-01 1.748762645344889e-02 
3.925987420296193e-02 1.003916080212524e-02 
2.678177636534054e-02 -1.466391130529336e-03 
2.494760299326716e-02 -5.533762331526077e-03 
2.313476195042679e-01 -2.990956378963183e-02 
5.498068311754308e-01 -9.221713983009335e-03 
5.760183592028961e-01 -2.816565078551482e-02 
5.025850412688945e-01 1.182380062817550e-02 
-1.693777241811018e-02 -2.800506286307895e-02 
5.187700417953988e-01 7.175401474420102e-03 
4.901888314207273e-01 9.971812531238272e-03 
2.450597793238397e-02 -9.657019915715112e-03 
6.177875165716931e-01 -7.145113458976152e-02 
1.723969164274868e-01 -3.018443492403726e-02 
2.835524071712434e-02 7.968761905555290e-04 
4.972785646826672e-01 1.214784023867146e-02 
-2.755010843687302e-02 -6.366509588733632e-02 
5.318358382754440e-01 1.203861034080173e-03 
3.588843106298549e-01 -1.556802948770095e-02 
5.091100903105215e-01 1.044099953351645e-02 
4.869906277240099e-01 4.889119475684520e-03 
3.274683016938418e-02 -1.753265954501180e-02 
1.117600021000000e+02 5.588000107000000e+01 
-4.014928602298139e-02 -4.060705045600412e-02 
9.187668819159042e-03 2.186880761781656e-03 
4.677653262048430e-01 1.793571219007421e-02 
4.623517009026822e-02 1.391470251562197e-02 
5.258051240471280e-01 4.163627440895971e-03 
5.053540337996273e-01 1.134418523093032e-02 
4.911747831232997e-02 1.528769251744872e-02 
4.954442109470054e-01 -9.319839204731372e-03 
3.042347184173885e-02 3.141143713878044e-03 
6.301440833000000e-01 -8.153817980000000e-02 
2.836683449017466e-01 -2.646408480879371e-02 
5.781711029237575e-01 -4.554761523767510e-02 
1.994712653829461e-01 3.385757548704806e-02 
5.952886687484261e-01 -4.391871776271141e-02 
1.114186556081164e-03 -5.803638516225253e-03 
6.138681156973095e-01 -6.088180328424883e-02 
9.890785127660846e-02 2.791172445051337e-02 
5.412305569350444e-01 -2.767217952878718e-02 
4.897603002871532e-01 9.626203816225462e-03 
4.128454011822745e-02 1.125854808685093e-02 
2.522086176444030e-02 -4.700617294232275e-03 
4.893308609919439e-01 9.232820189045483e-03 
2.557176558476460e-02 -3.810124005106371e-03 
3.365113887184953e-01 -1.942425287650811e-02 
1.191948477955877e-01 2.972827931540431e-02 
2.583661758499635e-02 -1.348679115449624e-02 
-2.377235436594323e-02 -6.287683968773940e-02 
5.297185796359926e-01 2.277484819771404e-03 
5.307605037999009e-01 1.752934819604113e-03 
1.206930621306148e-01 -2.789032405176265e-02 
5.521226957316004e-01 -1.070510391904462e-02 
-3.057270744270000e+01 -4.659306007360000e+01 
2.445996946883399e-02 -8.892182185931649e-03 
1.051049810000000e-02 2.860250530000000e-03 
2.461864661110743e-01 -2.926318000460118e-02 
4.871621716337920e-01 9.430151511319887e-04 
2.389236516843939e-01 -2.960995369418371e-02 
4.875588397859933e-01 1.744371059726442e-02 
-1.306452559510000e+01 5.129017690830000e+01 
5.422698663613279e-01 -4.564989703261243e-03 
4.568335759690000e-01 1.793578635013691e-02 
2.640428022071977e-02 -1.427287595174653e-02 
5.278900384240249e-01 -2.215536502666762e-02 
4.336329160240000e-01 1.793578620000000e-02 
5.083164370064840e-01 1.065260665392830e-02 
8.160821937032416e-03 6.986178246139904e-04 
5.195954471658573e-01 6.847283109067854e-03 
4.749103958508285e-01 1.791608534516885e-02 
2.972836767831937e-02 -1.679952377418930e-02 
5.140533812680793e-01 8.912544292000989e-03 
1.043541058017815e-01 2.846540452926598e-02 
6.949122030928738e-03 5.097448951887749e-04 
6.068757214401559e-01 -5.423512845055055e-02 
3.609041427122825e-01 3.139645087168558e-02 
6.646342332001279e-02 -2.288679318861318e-02 
4.876693170238076e-01 6.926853580968930e-03 
-9.142223471698993e-04 -7.781839475380273e-03 
4.777797677487029e-01 1.776660539418439e-02 
4.715947090159289e-01 1.793428768456702e-02 
5.544127522698580e-01 -3.356072173403483e-02 
-5.283265798910000e+01 -1.796386962820000e+01 
2.608585452591979e-02 -2.713893047708139e-03 
5.543580393871124e-01 -1.215442523456435e-02 
4.854252533307792e-01 1.729578614057803e-02 
5.881726791947016e-01 -5.122290726971189e-02 
5.120107046795528e-01 9.581387019752755e-03 
-4.067913428741045e-02 -6.394723563544179e-02 
8.821366350414545e-02 2.684571507211194e-02 
3.910986960000001e-01 1.974649859660004e-03 
1.669416299191709e-01 3.266263881025412e-02 
5.739738162591851e-01 -2.654766552143898e-02 
4.965653155627289e-01 1.209887507676780e-02 
5.448866732315570e-01 -6.138445423119612e-03 
6.123044773902180e-01 -6.733418866463306e-02 
-1.417540186765994e-02 -1.605493849342669e-02 
4.306918573658635e-01 2.548767963627617e-02 
-4.734110253563170e-02 -5.833428769699001e-02 
-3.513346028870019e-02 -6.449439227998892e-02 
4.014416311400000e-01 1.793578620466544e-02 
4.802807841310864e-01 1.874203552852119e-02 
2.927691172605721e-02 1.905529318880378e-03 
6.115105613085148e-02 2.004432481542678e-02 
8.683178518758519e-02 -2.514483973930290e-02 
2.651351318458109e-01 -2.805195327804132e-02 
9.458212252042100e-02 2.755076343714280e-02 
5.663783724990108e-01 -2.068166644879498e-02 
6.610954290549130e-03 -7.291607562324105e-04 
5.358759395864778e-01 -9.328078130131661e-04 
4.918030309818050e-01 1.095483376791916e-02 
2.539888399641217e-02 -1.272511885237844e-02 
-4.291743048677448e-02 -4.422130007073211e-02 
4.880636157831184e-01 7.644821877476503e-03 
9.794714694991702e-02 -2.616443921271498e-02 
4.952608417668115e-01 1.195700534891650e-02 
6.280696071597259e-01 -7.980203592184074e-02 
4.861608491979603e-01 1.770399603308406e-02 
5.221301565029988e-01 5.793058021779704e-03 
5.152765665677470e-01 -1.726449046527065e-02 
-8.527766676896238e-03 -1.612742088973872e-02 
4.756280463050624e-01 1.950732392692335e-02 
5.973490425815963e-01 -5.694821300835943e-02 
2.553504381033019e-01 -2.874023105884401e-02 
1.816941628696209e-01 3.326821253560562e-02 
4.876788225311542e-01 -4.832805887757666e-04 
3.429959592785405e-02 -1.783165787018742e-02 
1.038470765000000e-02 3.078125878000000e-03 
1.089845982566933e-01 -2.705145438728304e-02 
-1.852395061090000e-02 -5.995336273210000e-02 
4.183549389191159e-02 -1.920649797291981e-02 
5.397817398190297e-01 -3.115147571255536e-03 
4.698106887307864e-01 2.040902267125729e-02 
5.109840876597180e-01 9.899026894794572e-03 
4.869032412162016e-01 2.289918194310753e-03 
3.099138957949535e-01 3.370810216773618e-02 
2.461383907040373e-02 -6.960569473136185e-03 
1.643688309202187e-01 -2.997248541301611e-02 
4.356211434442232e-03 -1.448496893685895e-03 
-2.693085776257925e-02 -2.707409677828912e-02 
6.369890964390000e+01 -5.588000103860000e+01 
-2.376803190000000e-02 -5.422231878000000e-02 
5.212603411568769e-01 6.161472972895906e-03 
6.107190626905201e-01 -5.785203098614254e-02 
3.910987079000000e-01 -9.623263030999999e-03 
4.838727245819955e-01 1.738492504162278e-02 
5.989427774793787e-01 -4.708582995450841e-02 
2.879573665619324e-02 -1.635131297449655e-02 
4.919979161224894e-01 -6.570903526216785e-03 
5.104706079453720e-03 -2.116747750336357e-03 
4.995549324982825e-01 1.212817687640109e-02 
6.013706773870000e+01 5.588000103620000e+01 
4.756507088525894e-02 -2.017538681948708e-02 
3.460991029473262e-02 6.824994581074494e-03 
3.759749534502174e-02 8.966355774787530e-03 
2.462246745320759e-02 -1.044394378688847e-02 
2.849501145322972e-01 3.430912754525719e-02 
4.935230670790431e-01 1.159630584063025e-02 
2.447197592157952e-02 -8.211298574017702e-03 
4.256621799100000e-01 1.793578620000000e-02 
-4.617735032955729e-02 -4.978279379448049e-02 
6.317569206000000e-01 -7.874464393000000e-02 
3.861388114098435e-02 -1.861896446234244e-02 
-4.683175828278371e-02 -5.960216873507438e-02 
5.701765147518456e-01 -2.357293797400486e-02 
4.884854276698169e-01 8.266667784462660e-03 
5.510828524389004e-02 1.782625321701050e-02 
8.515264676632474e-02 2.637449087619349e-02 
6.283339614464423e-01 -7.528549238840400e-02 
5.099959590846589e-01 1.019170193978790e-02 
5.277148718516251e-01 3.262687576575937e-03 
5.061814511647448e-01 1.116956560941082e-02 
1.883915205743780e-01 -3.041482491752996e-02 
-4.604884923813395e-02 -6.081314888615955e-02 
2.151884439017879e-01 -3.033828387636364e-02 
3.616579125135561e-02 -1.817073618516244e-02 
5.782223256436653e-01 -2.990564162892880e-02 
4.873121147863823e-01 6.078501746086462e-03 
-1.462386593000000e-02 -6.037569791000000e-02 
-3.138100969878621e-02 -6.424179264822016e-02 
1.281274551249631e-01 3.039902545824417e-02 
4.946656909154450e-01 1.185938510503885e-02 
-1.560008717393922e-02 -6.067850167647702e-02 
3.063565757623158e-02 -1.706727760128278e-02 
7.658961022862169e-02 -2.408182551913643e-02 
6.167917621008477e-01 -6.373132431614337e-02 
3.356049154245513e-01 3.272404969120220e-02 
5.219241173886785e-02 1.663864459743106e-02 
3.910987079000000e-01 1.793578640000000e-02 
5.621648947319628e-02 -2.150207406109974e-02 
5.644637365111675e-01 -1.925677782043277e-02 
4.958895730338818e-01 1.203576077230851e-02 
4.882551134000000e-01 1.711749658000000e-02 
-4.767102964226190e-02 -5.536572452472831e-02 
4.082001377371660e-01 2.778980601667785e-02 
3.043058781840000e+01 5.588000101670000e+01 
5.267486644189115e-01 3.724211746145020e-03 
-3.029776164200000e+01 4.690822156950000e+01 
2.393120213179483e-03 -4.608263218670089e-03 
2.385713342000941e-01 3.454698196660218e-02 
6.255277791358326e-01 -7.766714592682353e-02 
1.322149769376287e-01 -2.858308872757269e-02 
-2.023239222739538e-02 -6.199406217599730e-02 
5.585507756195411e-01 -1.500781565064532e-02 
5.376707396171396e-01 -1.921383053776519e-03 
2.480504295423091e-02 -1.120488516991037e-02 
-1.476981934000000e-02 -6.012289917000000e-02 
-7.625225913912498e-03 -1.075036551895066e-02 
-1.938481749651116e-02 -3.248759209430348e-02 
5.076077897450997e-01 1.083344527716761e-02 
1.112882808699155e-01 2.906990000086308e-02 
-2.242234171020000e-02 -5.705612918930000e-02 
5.805839304435283e-01 -3.178276017209082e-02 
4.802147401184883e-01 1.761019216503515e-02 
5.794038226621276e-02 1.890382209265435e-02 
-2.155464524146837e-02 -3.722903515504089e-02 
-3.799981465469596e-02 -6.439440055864738e-02 
4.889134183644608e-01 8.791571331159511e-03 
4.883688390000000e-01 1.729047298000000e-02 
6.501777682809030e-02 2.131473043518335e-02 
-5.277616569200000e+01 -2.114758599260000e-01 
6.240472002426384e-01 -7.095861883803986e-02 
-1.737698894941958e-02 -6.120307579844321e-02 
-4.500540799030420e-02 -6.188500048020455e-02 
1.117600021000000e+02 -5.588000107000000e+01 
1.801073944759172e-01 -3.031982622408395e-02 
6.054942671491443e-01 -6.245374833791872e-02 
5.130337649612207e-01 9.252249648000928e-03 
